102,52
102,51
102,50
102,49
102,48
102,47
102,46
102,45
102,44
102,43
102,42
102,41
102,40
102,39
102,38
102,37
102,36
102,35
88,4
96,4
96,1
96,3
0,273
0,270
10,90
10,168
10,6
10,268
10,314
10,264
10,202
10,156
11,6
9,4
9,6
8,17
8,11
8,16
96,2
96,0
93,3
93,2
93,1
93,0
88,5
88,1
88,3
88,2
88,0
85,3
85,2
85,1
85,0
84,3
84,2
84,1
84,0
35,3
35,1
34,4
34,3
34,1
33,4
33,3
33,1
32,3
32,2
32,1
20,3
20,2
20,1
19,3
19,2
19,1
12,3
12,2
12,1
11,30
11,29
11,28
11,27
11,26
11,25
11,24
11,23
11,22
11,21
11,20
11,18
11,17
11,16
11,15
11,14
11,13
11,12
11,11
11,8
11,7
11,5
11,4
11,3
11,2
11,1
10,313
10,291
10,245
10,243
10,211
10,205
10,203
10,163
18,1
10,161
10,109
18,3
10,101
10,99
